Snapdragon_600:
60.376	60.7172	61.0108	60.9561	60.8312	60.0348	
60.9646	61.3455	61.6756	61.6117	61.4722	60.5633	
61.3078	61.7083	62.0559	61.987	61.8393	60.8779	
61.3934	61.7916	62.1365	62.0672	61.9197	60.9622	
61.2314	61.6056	61.9277	61.8628	61.7237	60.8269	
60.8264	61.1592	61.4399	61.3836	61.2596	60.4854	
62.08	62.3741	62.6072	62.5708	62.4319	61.7898	
62.5968	62.921	63.1801	63.1376	62.9835	62.2609	
62.9024	63.2422	63.5144	63.4684	63.3058	62.5431	
62.9796	63.3177	63.5877	63.5411	63.3786	62.6184	
62.8445	63.164	63.4166	63.3724	63.2184	62.5039	
62.5136	62.8031	63.0259	62.9867	62.8478	62.2204	
61.9131	62.1597	62.3395	62.3151	62.1786	61.6693	
62.3804	62.6498	62.8478	62.819	62.6683	62.101	
62.6489	62.9304	63.1378	63.1064	62.9479	62.3507	
62.7171	62.9973	63.203	63.1709	63.0122	62.4168	
62.609	62.8749	63.0677	63.0367	62.8854	62.3235	
62.3428	62.5869	62.7584	62.73	62.5923	62.0925	
DRAM:
52.9442	53.0156	53.0353	52.9838	52.8602	
53.4631	53.5413	53.5605	53.4979	53.3597	
53.5369	53.6171	53.6368	53.5724	53.4296	
53.5225	53.5998	53.6163	53.5486	53.4109	
53.451	53.5224	53.5347	53.4672	53.3431	
51.1487	51.1802	51.1827	51.1421	51.088	
51.6945	51.7292	51.7292	51.6769	51.6161	
51.7327	51.7683	51.7684	51.7152	51.6523	
51.7226	51.7569	51.7544	51.6963	51.6355	
51.6887	51.7205	51.7155	51.6555	51.6006	
abAPDRAM:
57.4098	57.5812	57.6449	57.567	57.2657	
57.912	58.0995	58.1679	58.0785	57.7433	
58.055	58.2475	58.3174	58.2248	57.8785	
58.0282	58.2135	58.2788	58.1862	57.8528	
57.8609	58.0302	58.0867	57.9995	57.7011	
Display-Glass:
36.6154	36.5577	36.5632	36.6079	36.6353	36.6576	36.6818	36.6871	36.6803	36.6536	36.6295	36.6001	36.5519	36.5441	36.5996	
36.8247	36.855	36.8872	36.9366	36.9701	36.9954	37.018	37.0245	37.0169	36.9925	36.9656	36.9299	36.877	36.8417	36.8084	
37.4196	37.4159	37.4558	37.5039	37.5467	37.5792	37.6012	37.6086	37.6007	37.5777	37.5437	37.4987	37.4471	37.4024	37.3999	
37.7568	37.8677	37.9396	37.9978	38.046	38.082	38.1056	38.1139	38.1061	38.0826	38.0459	37.9957	37.934	37.8568	37.7387	
38.4219	38.4071	38.4529	38.5074	38.557	38.5953	38.6207	38.6302	38.6229	38.5991	38.5615	38.511	38.4537	38.4031	38.4119	
38.8426	38.981	39.0671	39.1349	39.191	39.2338	39.2628	39.2746	39.268	39.2435	39.2036	39.1485	39.0793	38.9885	38.8416	
39.7081	39.6899	39.7398	39.802	39.8615	39.9097	39.944	39.9592	39.9535	39.9277	39.8857	39.8301	39.7687	39.7167	39.7317	
40.1557	40.2872	40.3738	40.4509	40.5217	40.5803	40.6232	40.6433	40.6381	40.6087	40.5606	40.4969	40.4227	40.3345	40.1952	
41.0975	41.048	41.1042	41.1876	41.2748	41.3509	41.4087	41.4369	41.4314	41.3943	41.3347	41.2592	41.182	41.1274	41.1778	
41.6224	41.7778	41.9007	42.0222	42.1434	42.2508	42.335	42.3764	42.3686	42.3158	42.2336	42.1303	42.0175	41.8948	41.7304	
42.7927	42.7915	42.9029	43.0563	43.2276	43.3897	43.5235	43.5886	43.573	43.4874	43.365	43.2212	43.0799	42.971	42.9738	
43.3572	43.5667	43.7476	43.9543	44.1888	44.4209	44.625	44.7192	44.6866	44.5492	44.3742	44.1779	43.9819	43.7961	43.572	
44.4502	44.3402	44.4543	44.6727	44.95	45.2392	45.5078	45.6249	45.5689	45.3743	45.1541	44.9248	44.7188	44.6022	44.7131	
44.8031	44.8029	44.9479	45.1877	45.4806	45.7835	46.0676	46.1865	46.1149	45.8908	45.6481	45.403	45.1853	45.049	45.0597	
45.0979	45.0743	45.2141	45.4448	45.71	45.972	46.2097	46.3092	46.2454	46.0473	45.8187	45.5839	45.3826	45.2628	45.2944	
45.1168	45.082	45.1956	45.3878	45.6075	45.8207	46.0099	46.0948	46.0567	45.9116	45.7176	45.5074	45.334	45.2391	45.2901	
44.9269	44.9089	44.9936	45.1414	45.3182	45.4931	45.6497	45.7292	45.7184	45.6241	45.4689	45.2884	45.1413	45.0601	45.0808	
44.7661	44.6627	44.6933	44.7945	44.9263	45.0605	45.1835	45.2525	45.2568	45.1981	45.0876	44.9543	44.8487	44.8152	44.9171	
44.4005	44.2521	44.2396	44.3156	44.3977	44.4858	44.5893	44.6382	44.6412	44.5968	44.535	44.4612	44.3875	44.4001	44.5487	
44.3712	44.2308	44.2296	44.3243	44.3968	44.4708	44.5702	44.6082	44.6114	44.5692	44.5197	44.4595	44.372	44.3754	44.5175	
36.6125	36.5547	36.5603	36.6048	36.6323	36.6546	36.6787	36.6841	36.6772	36.6506	36.6265	36.5969	36.5489	36.5411	36.5968	
36.8213	36.8509	36.8831	36.9324	36.9659	36.9912	37.0138	37.0202	37.0126	36.9883	36.9614	36.9256	36.8729	36.8377	36.805	
37.4161	37.4109	37.4506	37.4987	37.5414	37.5739	37.5959	37.6033	37.5953	37.5724	37.5384	37.4934	37.4419	37.3974	37.3964	
37.7529	37.8625	37.9344	37.9925	38.0407	38.0767	38.1002	38.1085	38.1007	38.0773	38.0406	37.9905	37.9288	37.8516	37.7348	
38.4183	38.4021	38.4478	38.5023	38.5518	38.59	38.6155	38.625	38.6177	38.5939	38.5563	38.5058	38.4486	38.3981	38.4084	
38.8384	38.9754	39.0615	39.1292	39.1853	39.2281	39.257	39.2688	39.2623	39.2378	39.198	39.1429	39.0736	38.983	38.8374	
39.7041	39.6841	39.7338	39.796	39.8554	39.9037	39.9379	39.953	39.9474	39.9216	39.8796	39.8241	39.7627	39.7109	39.7276	
40.1512	40.2813	40.3678	40.4449	40.5157	40.5742	40.617	40.6372	40.632	40.6026	40.5545	40.4908	40.4167	40.3285	40.1906	
41.0934	41.0421	41.098	41.1814	41.2685	41.3446	41.4023	41.4305	41.425	41.3879	41.3284	41.253	41.1758	41.1215	41.1736	
41.6177	41.7716	41.8944	42.0159	42.137	42.2444	42.3284	42.3698	42.3621	42.3094	42.2272	42.124	42.0112	41.8886	41.7256	
42.7878	42.7844	42.8955	43.0488	43.2199	43.3818	43.5154	43.5804	43.5648	43.4795	43.3572	43.2135	43.0724	42.9638	42.9688	
43.3515	43.5591	43.7398	43.9463	44.1805	44.4123	44.6159	44.7099	44.6775	44.5405	44.3657	44.1696	43.9739	43.7883	43.5662	
44.4453	44.3329	44.4465	44.6646	44.9414	45.2302	45.4979	45.6147	45.5589	45.3651	45.1452	44.9162	44.7107	44.5947	44.7082	
44.7978	44.7953	44.9398	45.1792	45.4717	45.7741	46.0571	46.1757	46.1044	45.8813	45.6389	45.3941	45.1769	45.0412	45.0543	
45.0926	45.0665	45.2057	45.4359	45.7007	45.9626	46.1995	46.2987	46.2353	46.0379	45.8096	45.5751	45.3742	45.2549	45.289	
45.1115	45.0743	45.1875	45.3793	45.5987	45.8118	46.0004	46.0852	46.0472	45.9025	45.7088	45.499	45.3259	45.2314	45.2847	
44.9216	44.9013	44.9857	45.1332	45.3097	45.4845	45.6406	45.7201	45.7092	45.6151	45.4602	45.2802	45.1333	45.0524	45.0755	
44.761	44.6551	44.6854	44.7864	44.9179	45.052	45.1747	45.2436	45.2478	45.1892	45.079	44.946	44.8407	44.8076	44.9119	
44.3956	44.2461	44.2335	44.3091	44.3913	44.4796	44.5826	44.6316	44.6346	44.5904	44.5285	44.4547	44.3814	44.3941	44.5438	
44.3668	44.226	44.2248	44.3192	44.3918	44.466	44.5651	44.6031	44.6064	44.5643	44.5147	44.4543	44.3671	44.3706	44.513	
Display:
37.9888	38.1352	38.1975	38.2729	38.3283	38.3581	38.388	38.3916	38.3874	38.3564	38.3255	38.2681	38.1893	38.1239	37.9703	
38.4045	38.5755	38.6422	38.7188	38.7758	38.8065	38.8361	38.84	38.8362	38.8064	38.7752	38.7167	38.6363	38.5656	38.3815	
38.858	39.0231	39.0893	39.1647	39.2219	39.253	39.2831	39.2877	39.2843	39.2554	39.2246	39.167	39.0883	39.0183	38.84	
39.2436	39.4027	39.4671	39.5423	39.6004	39.6323	39.6637	39.6689	39.6661	39.6375	39.6068	39.5494	39.4716	39.404	39.2323	
39.7147	39.889	39.9595	40.038	40.0991	40.133	40.1668	40.1732	40.1711	40.1426	40.1113	40.0528	39.973	39.9	39.7142	
40.3946	40.5417	40.6073	40.6863	40.7524	40.7902	40.8297	40.8382	40.8372	40.8073	40.7746	40.7142	40.6362	40.5698	40.4142	
40.8759	41.035	41.1071	41.1935	41.2683	41.3117	41.3585	41.3694	41.3692	41.3363	41.3003	41.2342	41.1506	41.0786	40.9117	
41.4209	41.5967	41.6771	41.7751	41.8629	41.9149	41.9726	41.9867	41.9875	41.9493	41.9079	41.8326	41.7393	41.6604	41.4771	
42.2544	42.4584	42.5567	42.6821	42.8037	42.8769	42.964	42.9849	42.9872	42.9318	42.8757	42.7749	42.6572	42.5617	42.3497	
42.8574	43.0965	43.2195	43.3755	43.5365	43.636	43.7611	43.7898	43.7923	43.7121	43.6372	43.5061	43.359	43.2386	42.9883	
43.5675	43.8218	43.9652	44.1573	44.3694	44.5065	44.6852	44.7257	44.7262	44.6099	44.508	44.3381	44.1553	44.0134	43.7444	
44.5436	44.8911	45.0979	45.3828	45.7388	45.9827	46.3646	46.4284	46.4168	46.1527	45.9775	45.7101	45.4148	45.1911	44.8012	
45.156	45.499	45.7383	46.0872	46.5589	46.921	47.609	47.6877	47.6399	47.1381	46.8965	46.5956	46.1781	45.8777	45.4594	
45.7822	46.1514	46.4378	46.8675	47.437	47.9015	48.8736	48.9606	48.8704	48.0738	47.7588	47.4357	46.9273	46.5691	46.1073	
46.097	46.5294	46.8773	47.387	47.8812	48.302	49.2239	49.3001	49.1983	48.3606	48.0318	47.7015	47.2074	46.857	46.3812	
46.2764	46.7253	47.0966	47.6297	47.9839	48.2837	48.9314	48.9872	48.9085	48.297	47.9998	47.6296	47.2083	46.9125	46.494	
46.2888	46.6974	47.0188	47.4762	47.7692	48.003	48.4757	48.5236	48.4758	48.0846	47.8225	47.417	47.0614	46.8165	46.4601	
46.1639	46.5073	46.7464	47.0861	47.3813	47.6047	48.0306	48.0895	48.0802	47.9079	47.6713	47.2048	46.8701	46.6454	46.3206	
45.972	46.2473	46.4214	46.6706	46.9317	47.1143	47.42	47.4963	47.5313	47.5209	47.3378	46.9108	46.615	46.4186	46.1326	
45.7526	45.9763	46.1112	46.3069	46.5143	46.6514	46.8549	46.9235	46.9622	46.9431	46.8209	46.5431	46.3125	46.1573	45.9174	
37.6181	37.675	37.7233	37.7757	37.8172	37.8458	37.8682	37.8742	37.8675	37.8441	37.8142	37.7707	37.7154	37.6636	37.6018	
37.9844	38.0645	38.122	38.1778	38.2227	38.2535	38.2762	38.2828	38.2762	38.2532	38.2216	38.175	38.1162	38.0545	37.9674	
38.3823	38.4682	38.5295	38.5872	38.634	38.6663	38.69	38.6973	38.691	38.6681	38.6357	38.5878	38.5274	38.4621	38.369	
38.8169	38.8803	38.9355	38.9928	39.041	39.0748	39.0998	39.1081	39.1022	39.0792	39.0464	38.9982	38.9388	38.88	38.8099	
39.2968	39.4056	39.4782	39.5429	39.5954	39.6324	39.6602	39.6702	39.665	39.6417	39.6075	39.5567	39.4912	39.4156	39.3001	
39.9446	40.0091	40.0689	40.1324	40.1885	40.2297	40.2619	40.2745	40.2701	40.2457	40.2101	40.1582	40.0958	40.0349	39.9661	
40.421	40.5088	40.5788	40.6499	40.7134	40.761	40.7993	40.815	40.8111	40.7844	40.7452	40.6885	40.6204	40.5503	40.4582	
40.9694	41.0579	41.1332	41.2137	41.2884	41.3458	41.3932	41.4134	41.4099	41.3789	41.3336	41.269	41.1937	41.1197	41.0281	
41.6471	41.7296	41.8129	41.9101	42.0054	42.08	42.1447	42.1721	42.1684	42.1279	42.0709	41.9909	41.9016	41.8213	41.7367	
42.2171	42.3614	42.4793	42.6051	42.7298	42.8294	42.9187	42.9562	42.951	42.8953	42.8207	42.7174	42.602	42.4871	42.3379	
43.1317	43.247	43.3768	43.5372	43.7089	43.8539	43.989	44.0453	44.0344	43.9485	43.8411	43.7011	43.5545	43.4287	43.31	
43.8314	44.0219	44.2013	44.4183	44.6647	44.8798	45.1062	45.1869	45.1621	45.0099	44.852	44.6566	44.4496	44.2661	44.0598	
44.4743	44.6318	44.8203	45.0746	45.3828	45.6694	46.0132	46.1157	46.0663	45.8204	45.6143	45.3848	45.1278	44.9218	44.7397	
45.0409	45.1755	45.3754	45.6651	46.0191	46.3596	46.8018	46.9176	46.8417	46.4934	46.243	45.99	45.6992	45.4818	45.3219	
45.3623	45.536	45.7655	46.0835	46.422	46.7511	47.1813	47.292	47.2059	46.8363	46.5727	46.3109	46.0193	45.7987	45.6188	
45.583	45.7559	45.988	46.3012	46.5834	46.8501	47.1809	47.2709	47.1988	46.9036	46.6607	46.3967	46.133	45.9384	45.7833	
45.5968	45.7481	45.9476	46.2159	46.4526	46.6692	46.925	47.0021	46.9567	46.7513	46.5423	46.2853	46.0546	45.8904	45.7644	
45.4765	45.6025	45.7591	45.9722	46.1846	46.3766	46.601	46.6777	46.661	46.5413	46.363	46.1071	45.8958	45.7486	45.6326	
45.3073	45.3938	45.5075	45.6712	45.8503	46.0091	46.1851	46.2609	46.2695	46.2156	46.0768	45.8538	45.673	45.552	45.4627	
45.1038	45.1498	45.2289	45.3561	45.4975	45.622	45.7563	45.8221	45.8368	45.7968	45.6975	45.5393	45.3993	45.3118	45.2599	
Battery:
38.0318	38.0871	38.1466	38.1948	38.2312	38.2568	38.2723	38.2772	38.2712	38.2544	38.2265	38.1867	38.1324	38.0654	38.0053	
38.1589	38.2175	38.2768	38.3249	38.3614	38.3871	38.4026	38.4075	38.4017	38.3851	38.3574	38.3175	38.2633	38.197	38.1339	
38.3213	38.38	38.439	38.487	38.5236	38.5495	38.5651	38.5702	38.5645	38.548	38.5205	38.4807	38.4269	38.3612	38.2983	
38.5183	38.576	38.6346	38.6825	38.7193	38.7455	38.7614	38.7667	38.7611	38.7448	38.7173	38.6776	38.6241	38.5593	38.4978	
38.7246	38.7824	38.8411	38.8894	38.9267	38.9533	38.9696	38.9752	38.9698	38.9535	38.926	38.8862	38.8327	38.7681	38.7068	
38.9604	39.019	39.0783	39.1273	39.1653	39.1927	39.2095	39.2155	39.2103	39.194	39.1662	39.1262	39.0724	39.0075	38.9457	
39.2021	39.2611	39.3212	39.3711	39.4102	39.4385	39.4561	39.4627	39.4576	39.4411	39.4129	39.3723	39.3179	39.2525	39.1905	
39.4835	39.5426	39.6038	39.6552	39.6958	39.7255	39.7443	39.7515	39.7465	39.7297	39.7007	39.6591	39.6037	39.5375	39.4754	
39.7602	39.8205	39.8835	39.9368	39.9794	40.011	40.0311	40.039	40.0341	40.0167	39.9867	39.9437	39.8867	39.8191	39.7559	
40.0682	40.1313	40.1972	40.2535	40.2989	40.3329	40.3549	40.3638	40.3589	40.3406	40.309	40.2638	40.2043	40.1341	40.0684	
40.3779	40.4433	40.5123	40.5721	40.621	40.658	40.6823	40.6925	40.6874	40.6678	40.634	40.5861	40.5236	40.4506	40.3829	
40.7135	40.781	40.8538	40.918	40.9714	41.0126	41.0399	41.0515	41.0462	41.0248	40.9879	40.9361	40.8697	40.7933	40.7236	
41.0521	41.1224	41.1997	41.2694	41.3286	41.3748	41.4059	41.4194	41.4135	41.3895	41.3485	41.2919	41.2206	41.14	41.0676	
41.3998	41.4744	41.5579	41.6346	41.7011	41.754	41.7901	41.8058	41.7991	41.7714	41.725	41.6619	41.584	41.4977	41.4213	
41.7497	41.8293	41.9199	42.0053	42.0809	42.1423	42.1846	42.2031	42.1951	42.1626	42.1088	42.0375	41.9515	41.8585	41.7774	
42.09	42.1737	42.2719	42.3673	42.4541	42.5261	42.5764	42.5983	42.5882	42.5492	42.4861	42.4044	42.3088	42.2086	42.1236	
42.4216	42.5093	42.616	42.7233	42.8237	42.9091	42.9695	42.9956	42.9827	42.9349	42.8598	42.7653	42.6584	42.55	42.4609	
42.7051	42.7971	42.9125	43.0322	43.1478	43.2487	43.3212	43.3521	43.3354	43.2769	43.1875	43.0787	42.9595	42.8426	42.7495	
42.942	43.0377	43.1616	43.2941	43.4259	43.5441	43.6307	43.6671	43.6455	43.5742	43.4687	43.3444	43.2126	43.0874	42.9906	
43.0825	43.1805	43.3103	43.4517	43.5954	43.7276	43.8259	43.8666	43.8407	43.7585	43.6402	43.5044	43.3635	43.2324	43.1334	
39.0459	39.0597	39.0815	39.1054	39.1277	39.1454	39.1571	39.1615	39.1584	39.1479	39.131	39.1092	39.0853	39.0632	39.0493	
39.1023	39.1162	39.138	39.1621	39.1845	39.2023	39.214	39.2185	39.2155	39.2051	39.1882	39.1664	39.1425	39.1204	39.1064	
39.2085	39.2225	39.2445	39.2687	39.2913	39.3095	39.3214	39.3261	39.3231	39.3128	39.2959	39.2741	39.2501	39.2281	39.2141	
39.3572	39.3713	39.3935	39.4181	39.4411	39.4597	39.472	39.4769	39.4741	39.4638	39.4469	39.425	39.4009	39.3788	39.3649	
39.5431	39.5574	39.5801	39.6052	39.6289	39.6481	39.6609	39.6663	39.6637	39.6534	39.6363	39.6142	39.5899	39.5676	39.5535	
39.7625	39.7772	39.8005	39.8265	39.8512	39.8713	39.8849	39.8908	39.8884	39.878	39.8606	39.838	39.8133	39.7907	39.7764	
40.0123	40.0275	40.0517	40.079	40.105	40.1264	40.1411	40.1476	40.1454	40.1348	40.1169	40.0936	40.0681	40.0449	40.0303	
40.2917	40.3076	40.3332	40.3622	40.3902	40.4134	40.4295	40.4368	40.4349	40.4238	40.405	40.3806	40.354	40.3298	40.3147	
40.5973	40.6143	40.6418	40.6733	40.7039	40.7296	40.7476	40.756	40.7542	40.7425	40.7223	40.6961	40.6676	40.642	40.6261	
40.93	40.9484	40.9787	41.0136	41.048	41.0771	41.0978	41.1076	41.1059	41.0929	41.0705	41.0416	41.0106	40.9828	40.9657	
41.29	41.3105	41.3444	41.3842	41.4238	41.4576	41.4818	41.4935	41.4916	41.4767	41.4511	41.4182	41.3833	41.3525	41.3336	
41.6784	41.7017	41.7407	41.7871	41.8339	41.8744	41.9035	41.9176	41.9153	41.8974	41.8668	41.8282	41.7877	41.7525	41.7312	
42.0981	42.1251	42.1711	42.2267	42.2837	42.3336	42.3698	42.3872	42.3839	42.3611	42.3231	42.2759	42.2274	42.186	42.1614	
42.5515	42.5835	42.639	42.7075	42.7789	42.8424	42.8888	42.9107	42.9054	42.8751	42.8257	42.766	42.706	42.6557	42.6264	
43.0443	43.0832	43.1518	43.2383	43.3306	43.4142	43.4756	43.504	43.4952	43.4526	43.3859	43.3074	43.2306	43.168	43.1322	
43.5856	43.6334	43.72	43.8321	43.9551	44.0691	44.1538	44.1916	44.1763	44.1138	44.0199	43.9132	43.812	43.732	43.6874	
44.187	44.2465	44.3572	44.5057	44.6742	44.8356	44.9572	45.0096	44.9823	44.8868	44.7497	44.6003	44.4637	44.3596	44.3034	
44.87	44.9436	45.0867	45.2863	45.5233	45.7612	45.9442	46.0198	45.9704	45.8182	45.6113	45.3967	45.2084	45.0712	45.0008	
45.668	45.756	45.941	46.2119	46.5519	46.9174	47.2068	47.321	47.2297	46.9772	46.6557	46.3418	46.0778	45.8966	45.8119	
46.637	46.7315	46.9695	47.3366	47.8284	48.4169	48.8996	49.0804	48.9069	48.4702	47.9571	47.4944	47.1178	46.8806	46.7916	
39.1667	39.1922	39.2298	39.264	39.2976	39.3207	39.3369	39.3429	39.3399	39.3271	39.3066	39.2773	39.246	39.2097	39.1895	
39.2399	39.2652	39.3026	39.3368	39.3704	39.3936	39.4099	39.416	39.4131	39.4005	39.3801	39.3508	39.3197	39.2836	39.2635	
39.39	39.4149	39.4521	39.4863	39.52	39.5434	39.56	39.5663	39.5637	39.5512	39.5309	39.5019	39.471	39.4354	39.4155	
39.559	39.5839	39.6212	39.6556	39.6898	39.7136	39.7306	39.7373	39.7348	39.7225	39.7023	39.6733	39.6424	39.607	39.5871	
39.7733	39.7985	39.8363	39.8713	39.9062	39.9307	39.9484	39.9555	39.9534	39.9411	39.9209	39.8918	39.8608	39.8253	39.8054	
40.0168	40.0424	40.0808	40.1167	40.1528	40.1783	40.1969	40.2047	40.2029	40.1907	40.1703	40.1408	40.1095	40.0737	40.0537	
40.2783	40.3043	40.3435	40.3806	40.4182	40.4452	40.4651	40.4737	40.4722	40.4599	40.4391	40.409	40.3771	40.3409	40.3207	
40.5971	40.6231	40.6636	40.7026	40.7426	40.7718	40.7936	40.8033	40.8024	40.7897	40.768	40.7368	40.7038	40.667	40.6466	
40.9088	40.9358	40.9783	41.02	41.0633	41.0953	41.1194	41.1305	41.1299	41.1167	41.0937	41.0607	41.0259	40.9876	40.9665	
41.2494	41.2784	41.3246	41.3704	41.4184	41.4544	41.4819	41.4948	41.4946	41.4803	41.4551	41.4191	41.3815	41.3404	41.3178	
41.6246	41.6566	41.708	41.7595	41.8142	41.8557	41.8878	41.903	41.9032	41.8871	41.8587	41.8184	41.7765	41.7312	41.7064	
42.0026	42.0381	42.0957	42.1546	42.2177	42.2664	42.3042	42.3225	42.3229	42.3042	42.2712	42.2251	42.1774	42.1269	42.0993	
42.436	42.4766	42.5434	42.6128	42.6886	42.7476	42.7942	42.8167	42.8171	42.7941	42.7541	42.6989	42.6427	42.584	42.5522	
42.8684	42.9147	42.9923	43.0746	43.1657	43.2382	43.2957	43.3233	43.3233	43.2943	43.2449	43.1781	43.111	43.0426	43.0057	
43.3191	43.3727	43.464	43.5636	43.6754	43.7664	43.8392	43.8739	43.8726	43.8345	43.7713	43.6884	43.6065	43.525	43.4813	
43.8184	43.8817	43.9922	44.1151	44.2572	44.3746	44.4704	44.5148	44.511	44.4584	44.3747	44.2684	44.1656	44.0649	44.0118	
44.2908	44.3651	44.4973	44.6488	44.827	44.9793	45.1047	45.1618	45.153	45.08	44.9686	44.8332	44.7042	44.581	44.5162	
44.7886	44.8774	45.0392	45.2279	45.4588	45.6615	45.835	45.9098	45.8918	45.7847	45.6315	45.455	45.2909	45.1336	45.0528	
45.2548	45.359	45.5547	45.7853	46.081	46.3497	46.5912	46.6884	46.6544	46.4969	46.2871	46.0609	45.8561	45.6557	45.5565	
45.647	45.7647	46.0012	46.2696	46.6479	46.9983	47.3508	47.4723	47.4122	47.1731	46.8856	46.6042	46.3601	46.0961	45.9799	
Main Board:
47.7716	47.5877	47.5616	47.7334	48.0492	48.4842	49.0428	49.7026	50.3126	50.6364	50.5832	50.1832	49.5871	48.9999	48.4978	48.0944	47.8166	47.6907	47.7963	47.9383	
47.827	47.7525	47.786	47.9802	48.3194	48.7842	49.3818	50.0891	50.7774	51.1458	51.0855	50.6269	49.9542	49.313	48.7779	48.3578	48.0582	47.905	47.9191	47.982	
47.9101	47.8997	47.9804	48.1997	48.5609	49.0521	49.6866	50.4493	51.2286	51.6447	51.5751	51.0484	50.2905	49.5945	49.0283	48.5898	48.2688	48.0854	48.0377	48.0493	
48.0047	48.0332	48.1493	48.3917	48.7715	49.283	49.9462	50.7558	51.6085	52.0633	51.9851	51.4023	50.5746	49.8332	49.2418	48.7876	48.4485	48.2387	48.1489	48.1269	
48.1009	48.1538	48.2956	48.5568	48.9503	49.4733	50.1514	50.9871	51.881	52.3577	52.2739	51.6582	50.7896	50.0212	49.4148	48.9503	48.5983	48.3685	48.2501	48.2062	
48.1928	48.2611	48.421	48.6958	49.0971	49.621	50.2966	51.1316	52.0296	52.5087	52.4233	51.8015	50.9262	50.1538	49.5456	49.0783	48.7195	48.4766	48.3396	48.2817	
48.2769	48.3548	48.5265	48.8098	49.2126	49.7261	50.3804	51.1859	52.0498	52.5112	52.4287	51.8286	50.9823	50.2309	49.6349	49.1731	48.8141	48.5646	48.4167	48.3501	
48.3496	48.4332	48.6115	48.8985	49.2972	49.7893	50.4049	51.1539	51.9471	52.3718	52.2967	51.7454	50.9623	50.2552	49.6849	49.2365	48.8834	48.6331	48.4799	48.4086	
48.4083	48.4945	48.6752	48.9611	49.35	49.8122	50.3758	51.048	51.7396	52.1123	52.0482	51.569	50.8775	50.2331	49.6993	49.271	48.929	48.6828	48.5288	48.4555	
48.452	48.5384	48.7175	48.9971	49.3702	49.7975	50.3027	50.8887	51.4671	51.7814	51.7302	51.3333	50.7458	50.1743	49.6841	49.2808	48.9541	48.7158	48.5641	48.4908	
48.4805	48.5652	48.7392	49.0077	49.3599	49.75	50.1965	50.6988	51.1759	51.4363	51.398	51.0768	50.5872	50.0899	49.6465	49.2713	48.9624	48.7344	48.5873	48.5154	
48.4942	48.5756	48.7416	48.9949	49.3223	49.6753	50.067	50.4946	50.8889	51.1044	51.0781	50.8213	50.4175	49.9899	49.5929	49.247	48.9571	48.7408	48.5996	48.53	
48.494	48.571	48.7266	48.9614	49.2609	49.5786	49.9219	50.2865	50.6155	50.7961	50.7809	50.5775	50.2471	49.8823	49.5288	49.2114	48.9409	48.7368	48.6024	48.5357	
48.4814	48.5531	48.6967	48.9108	49.1801	49.4652	49.7675	50.0803	50.3575	50.5119	50.5073	50.3487	50.0825	49.773	49.4583	49.1671	48.9158	48.7241	48.5969	48.5334	
48.4588	48.5248	48.6559	48.8488	49.0891	49.3449	49.6126	49.8835	50.1218	50.2574	50.2632	50.1425	49.9303	49.669	49.3873	49.1189	48.8844	48.7044	48.5843	48.5242	
48.4281	48.4884	48.607	48.78	48.9942	49.2231	49.4609	49.6975	49.9055	50.0275	50.0435	49.9564	49.7915	49.5724	49.317	49.0675	48.8479	48.6789	48.5657	48.509	
48.3912	48.4458	48.5527	48.7074	48.8984	49.1031	49.3144	49.5224	49.7057	49.8174	49.8433	49.7865	49.6648	49.4835	49.2475	49.0133	48.8069	48.6481	48.5419	48.4886	
48.3494	48.3987	48.4947	48.6331	48.8036	48.9865	49.1745	49.3581	49.5203	49.6237	49.6585	49.6287	49.5468	49.3998	49.1767	48.9555	48.7615	48.6128	48.5134	48.4635	
48.3041	48.3485	48.4348	48.5586	48.711	48.8744	49.0419	49.2044	49.3482	49.4443	49.4861	49.4783	49.4299	49.3131	49.1007	48.8929	48.7118	48.5733	48.4806	48.4341	
48.2564	48.2965	48.374	48.4849	48.6211	48.7673	48.9167	49.0611	49.1889	49.2781	49.324	49.3308	49.3036	49.2086	49.0153	48.8244	48.6578	48.5299	48.444	48.4009	
48.2082	48.2444	48.3143	48.4139	48.536	48.6672	48.801	48.9297	49.0439	49.1264	49.1734	49.1875	49.1687	49.0872	48.9219	48.7519	48.601	48.484	48.4048	48.365	
48.161	48.1939	48.2571	48.3472	48.4573	48.5756	48.6959	48.8115	48.9143	48.9903	49.0363	49.0525	49.0353	48.9634	48.8265	48.6786	48.5436	48.4374	48.3649	48.3283	
48.1155	48.1455	48.2031	48.285	48.3852	48.4924	48.6013	48.7058	48.7991	48.869	48.9124	48.9281	48.9109	48.8472	48.7339	48.6067	48.4869	48.3911	48.325	48.2915	
48.0722	48.0998	48.1526	48.2277	48.3195	48.4175	48.5167	48.6119	48.6972	48.7615	48.8018	48.8159	48.7987	48.7423	48.6477	48.5383	48.4324	48.3462	48.286	48.2553	
48.0314	48.0569	48.1058	48.1753	48.2601	48.3504	48.4418	48.5293	48.6079	48.6673	48.7045	48.7169	48.7	48.65	48.5696	48.475	48.3811	48.3034	48.2486	48.2205	
47.9931	48.0171	48.0628	48.1277	48.2068	48.2909	48.3759	48.4573	48.5304	48.5856	48.62	48.6309	48.6148	48.5701	48.5004	48.4176	48.3337	48.2634	48.2132	48.1873	
47.9578	47.9805	48.0238	48.085	48.1596	48.2388	48.3188	48.3954	48.464	48.516	48.5481	48.5579	48.5427	48.5023	48.4405	48.3667	48.291	48.2266	48.1802	48.1561	
47.9311	47.9528	47.9943	48.0529	48.1242	48.1999	48.2762	48.3493	48.4148	48.4644	48.4948	48.5038	48.4894	48.4521	48.396	48.3287	48.2589	48.1989	48.1554	48.1327	
47.913	47.9341	47.9744	48.0313	48.1005	48.1738	48.2478	48.3186	48.3822	48.4302	48.4595	48.4681	48.4542	48.419	48.3665	48.3033	48.2374	48.1804	48.1388	48.1171	
47.9037	47.9246	47.9643	48.0203	48.0884	48.1607	48.2335	48.3032	48.3659	48.4132	48.442	48.4502	48.4367	48.4026	48.3518	48.2907	48.2266	48.1711	48.1305	48.1092	
47.7909	47.5793	47.541	47.7171	48.0477	48.5151	49.1567	50.0014	50.9414	51.431	51.3431	50.7107	49.8345	49.1049	48.5503	48.1286	47.8304	47.694	47.8151	47.9745	
47.8513	47.7647	47.7942	47.9956	48.3535	48.8647	49.5822	50.5714	51.83	52.4626	52.3465	51.4905	50.349	49.4939	48.8838	48.437	48.108	47.9367	47.9532	48.023	
47.9417	47.9271	48.0103	48.2409	48.6214	49.1731	49.969	51.1401	52.9885	53.8279	53.6748	52.4321	50.8454	49.8467	49.1879	48.7205	48.3546	48.1398	48.0857	48.0983	
48.0423	48.0709	48.1941	48.4515	48.8528	49.4354	50.2929	51.6101	53.8406	54.825	54.6422	53.1459	51.2539	50.1292	49.4292	48.9445	48.5574	48.3094	48.2075	48.1831	
48.1431	48.1984	48.3508	48.6309	49.0496	49.6494	50.5395	51.9375	54.3397	55.3981	55.1979	53.5815	51.5419	50.3463	49.6202	49.1234	48.7211	48.4493	48.3157	48.2674	
48.2386	48.3112	48.4846	48.7836	49.2158	49.8156	50.7034	52.1124	54.547	55.6201	55.4152	53.7727	51.7005	50.4851	49.753	49.2532	48.8474	48.5626	48.4092	48.3457	
48.326	48.4097	48.5984	48.9138	49.3583	49.9382	50.7847	52.1341	54.4783	55.5106	55.3134	53.7293	51.7302	50.5532	49.8372	49.344	48.9412	48.6516	48.4871	48.4146	
48.4037	48.4945	48.6938	49.0255	49.4895	50.0254	50.7885	52.0074	54.1108	55.0414	54.8653	53.4402	51.6374	50.5542	49.8751	49.3972	49.0048	48.7179	48.5491	48.4717	
48.4695	48.5644	48.7698	49.1161	49.6051	50.0782	50.7248	51.75	53.372	54.1264	53.9841	52.8694	51.4396	50.4992	49.8721	49.4149	49.04	48.763	48.595	48.5157	
48.5176	48.6137	48.82	49.1678	49.653	50.0723	50.6091	51.4254	52.4856	53.0297	52.9268	52.1817	51.1811	50.4015	49.8321	49.396	49.0481	48.7889	48.6253	48.5459	
48.5482	48.6429	48.8448	49.1838	49.6507	50.0211	50.4608	51.1023	51.8332	52.2252	52.1542	51.6364	50.9143	50.2797	49.7741	49.3673	49.0444	48.8017	48.6446	48.5668	
48.5617	48.6531	48.8459	49.1673	49.6059	49.933	50.2938	50.8029	51.3381	51.6256	51.5786	51.2075	50.6688	50.1509	49.706	49.3316	49.0315	48.8041	48.6544	48.5792	
48.5592	48.6455	48.8253	49.1202	49.5185	49.8108	50.1159	50.5305	50.9559	51.1784	51.1487	50.8648	50.4518	50.0262	49.6345	49.2905	49.0111	48.7976	48.6555	48.5836	
48.5416	48.6219	48.7856	49.0458	49.3867	49.657	49.932	50.2798	50.6334	50.8166	50.8016	50.5834	50.2647	49.9132	49.5641	49.246	48.9846	48.7837	48.6491	48.5806	
48.5127	48.5867	48.7333	48.9558	49.2305	49.4865	49.7493	50.0496	50.3609	50.5221	50.5208	50.3501	50.1084	49.819	49.4994	49.1999	48.9532	48.7636	48.6363	48.5713	
48.4777	48.5449	48.6754	48.8676	49.0989	49.3336	49.5762	49.8399	50.1183	50.2654	50.2786	50.1527	49.9848	49.7525	49.4438	49.1537	48.918	48.7383	48.6179	48.5564	
48.4375	48.4981	48.614	48.7816	48.9814	49.1933	49.4133	49.6451	49.8881	50.0233	50.0531	49.9814	49.8984	49.7281	49.3988	49.107	48.8791	48.7085	48.5948	48.537	
48.3928	48.4474	48.5504	48.6974	48.8723	49.0622	49.2593	49.4623	49.6694	49.7951	49.8416	49.8285	49.8581	49.7726	49.3616	49.0588	48.837	48.6753	48.5683	48.5143	
48.3457	48.3948	48.4866	48.6166	48.7712	48.9408	49.1165	49.2936	49.4639	49.5789	49.6394	49.6818	49.8482	49.8759	49.3173	49.0045	48.7905	48.6384	48.5385	48.4885	
48.2976	48.3419	48.4242	48.5399	48.6775	48.8292	48.9858	49.1409	49.2853	49.3899	49.4573	49.5246	49.7217	49.7774	49.2331	48.9367	48.7364	48.5951	48.5019	48.4556	
48.2492	48.2893	48.3633	48.4671	48.5902	48.7262	48.8661	49.0028	49.1272	49.2216	49.2888	49.3543	49.4804	49.4847	49.1086	48.8561	48.6754	48.5463	48.4593	48.4166	
48.2009	48.2373	48.3043	48.3977	48.5085	48.6308	48.7561	48.8776	48.9878	49.0731	49.1354	49.1881	49.2451	49.2069	48.9737	48.7707	48.6125	48.4962	48.4158	48.3766	
48.1548	48.1882	48.2493	48.3341	48.4345	48.5452	48.6582	48.7671	48.8655	48.9423	48.9979	49.0375	49.0586	49.0076	48.8486	48.6868	48.5507	48.447	48.3735	48.3375	
48.1115	48.1424	48.1985	48.2762	48.368	48.4691	48.5719	48.6705	48.7587	48.8279	48.8769	48.9061	48.9089	48.8567	48.7393	48.6089	48.4921	48.3999	48.333	48.3001	
48.0712	48.0999	48.152	48.2239	48.3085	48.4016	48.4961	48.5864	48.6668	48.7297	48.7729	48.7946	48.7884	48.7391	48.6468	48.5393	48.4386	48.3564	48.2956	48.2655	
48.0341	48.0612	48.1101	48.1771	48.256	48.3425	48.4302	48.514	48.5891	48.6472	48.6857	48.7024	48.692	48.6467	48.5704	48.4794	48.3913	48.3176	48.262	48.2342	
48.0023	48.0282	48.0745	48.1379	48.2123	48.2938	48.3763	48.4553	48.5259	48.5802	48.6153	48.6288	48.6167	48.575	48.5093	48.4301	48.3516	48.2845	48.2332	48.2074	
47.9761	48.0011	48.0456	48.1064	48.1775	48.2555	48.3343	48.4098	48.4777	48.5294	48.5622	48.5737	48.5609	48.5222	48.4635	48.3923	48.3207	48.2586	48.2104	48.1861	
47.9554	47.9799	48.0234	48.0825	48.1516	48.2271	48.3036	48.3771	48.4444	48.495	48.5263	48.5367	48.5238	48.4872	48.4327	48.3666	48.2994	48.2405	48.1944	48.1711	
47.9425	47.9669	48.01	48.0683	48.1363	48.2107	48.286	48.3586	48.4269	48.4773	48.508	48.5178	48.505	48.4693	48.4169	48.3532	48.2881	48.2309	48.1858	48.1631	
4G-LTE:
51.2206	51.3223	51.3311	51.3013	
50.8233	50.9015	50.913	50.8961	
50.5808	50.6489	50.6641	50.6569	
50.2488	50.3097	50.3355	50.3453	
50.5052	50.543	50.537	50.5152	
50.1351	50.1648	50.1637	50.1508	
50.0094	50.0355	50.0365	50.0282	
49.6567	49.6807	49.6969	49.7065	
eMMC:
50.0553	49.6447	49.3579	49.1661	
50.3367	49.9106	49.6139	49.414	
50.4542	50.0342	49.7402	49.5422	
50.4656	50.0725	49.7916	49.6028	
49.4045	49.08	48.875	48.7814	
49.6314	49.3042	49.0964	49.0002	
49.7168	49.3891	49.1807	49.0854	
49.7532	49.4325	49.2273	49.1355	
WiFi:
50.317	50.3926	50.5191	50.633	
50.3649	50.4369	50.5451	50.6411	
50.3489	50.4143	50.506	50.5867	
50.233	50.2894	50.3686	50.438	
49.7601	49.7944	49.8505	49.8983	
49.8086	49.8408	49.8894	49.9297	
49.8117	49.8408	49.8822	49.916	
49.6879	49.7131	49.7492	49.7787	
AudioCODEC:
54.6509	54.6446	54.6353	54.633	
54.62	54.6247	54.6265	54.6267	
54.5135	54.5235	54.5294	54.5308	
54.3745	54.3815	54.386	54.3872	
53.2488	53.2434	53.2355	53.2336	
53.2175	53.2178	53.2174	53.2171	
53.0799	53.0822	53.0837	53.0842	
52.8787	52.8802	52.8815	52.882	
Rear Case:
34.1853	34.0312	33.9846	33.9626	33.9619	33.9676	33.9782	33.9797	33.9741	33.9547	33.9444	33.9395	33.9505	33.9929	34.1471	
34.3851	34.314	34.332	34.3855	34.4117	34.427	34.4461	34.4497	34.4408	34.4102	34.388	34.3511	34.2744	34.2436	34.3251	
35.3391	35.6205	35.8691	36.0464	36.1156	36.148	36.176	36.1819	36.1707	36.1323	36.0911	36.003	35.7795	35.4495	35.2254	
36.0192	37.0528	37.4941	37.6476	37.7176	37.757	37.7796	37.7859	37.7752	37.7474	37.6998	37.6106	37.4169	36.8344	35.8841	
36.7816	37.6612	38.0615	38.2051	38.2737	38.3139	38.3367	38.3434	38.3333	38.3066	38.2592	38.1728	37.9933	37.4676	36.6529	
37.149	38.1387	38.557	38.7041	38.7746	38.8165	38.8408	38.8485	38.8387	38.8118	38.7637	38.6766	38.4949	37.9519	37.025	
37.8682	38.7375	39.1397	39.2875	39.3616	39.4072	39.4344	39.4439	39.4341	39.4058	39.3554	39.2657	39.084	38.5575	37.7562	
38.2749	39.3218	39.7691	39.9312	40.0138	40.0665	40.099	40.1111	40.1006	40.0689	40.013	39.9153	39.719	39.1406	38.1666	
39.0749	40.0204	40.4645	40.6367	40.7315	40.7956	40.8369	40.8531	40.8405	40.8021	40.7364	40.6275	40.4219	39.8457	38.983	
39.5106	40.6658	41.1698	41.3673	41.4825	41.5654	41.6212	41.6436	41.6264	41.5756	41.4929	41.3642	41.1335	40.4884	39.4248	
40.296	41.322	41.8208	42.0359	42.1763	42.2864	42.3647	42.3961	42.3703	42.2985	42.1905	42.0378	41.7921	41.1526	40.2404	
40.5924	41.6422	42.1418	42.3719	42.5346	42.6736	42.7856	42.8288	42.7893	42.6841	42.5489	42.3765	42.1217	41.483	40.5585	
41.1114	41.0669	41.172	41.3762	41.5094	41.637	41.843	41.9004	41.8433	41.6367	41.511	41.382	41.1885	41.0832	41.1734	
41.1454	40.9189	40.8928	41.0239	41.1218	41.2317	41.4281	41.4837	41.4282	41.2308	41.1243	41.036	40.9264	40.9698	41.2286	
41.1883	40.8724	40.7794	40.8416	40.901	40.9831	41.1436	41.1899	41.1463	40.9881	40.9114	40.8627	40.8222	40.9318	41.2715	
41.1411	40.7878	40.6531	40.6401	40.6574	40.7034	40.8008	40.8325	40.8115	40.7317	40.6959	40.6881	40.7151	40.862	41.2326	
41.0272	40.6929	40.5472	40.4991	40.4924	40.5162	40.5814	40.6051	40.5982	40.5603	40.5503	40.5666	40.6249	40.7789	41.1239	
40.9554	40.6052	40.4507	40.3793	40.359	40.3694	40.411	40.4295	40.433	40.4276	40.4343	40.4648	40.5449	40.7053	41.0613	
40.8458	40.5608	40.4354	40.3808	40.3665	40.3771	40.4138	40.4313	40.438	40.4397	40.4476	40.4731	40.5382	40.6693	40.9593	
40.959	40.7831	40.7124	40.6965	40.7035	40.7261	40.7717	40.791	40.7984	40.7953	40.7915	40.7963	40.8232	40.8984	41.0769	
34.2068	34.047	34.0009	33.9785	33.9778	33.9835	33.9942	33.9957	33.9902	33.9706	33.9603	33.9554	33.9668	34.0087	34.1685	
34.4018	34.3253	34.3431	34.3972	34.4232	34.4382	34.4576	34.4612	34.4524	34.4214	34.3994	34.3628	34.2853	34.2548	34.3419	
35.3592	35.6406	35.8903	36.0691	36.1379	36.17	36.1983	36.2042	36.1931	36.1542	36.1133	36.0259	35.8006	35.4673	35.2457	
36.0302	37.0871	37.527	37.6784	37.7479	37.7873	37.8099	37.8161	37.8055	37.7777	37.7302	37.6416	37.4508	36.8653	35.8956	
36.7986	37.6917	38.0898	38.2315	38.2998	38.3399	38.3627	38.3694	38.3593	38.3326	38.2853	38.1994	38.0226	37.4956	36.6703	
37.1614	38.1698	38.5856	38.7307	38.8008	38.8427	38.867	38.8747	38.8649	38.838	38.7901	38.7034	38.5244	37.9804	37.0379	
37.8871	38.7693	39.1695	39.3154	39.3891	39.4347	39.4619	39.4714	39.4615	39.4333	39.383	39.2938	39.1147	38.5868	37.7756	
38.2888	39.3555	39.8004	39.9604	40.0426	40.0952	40.1277	40.1399	40.1293	40.0977	40.0418	39.9447	39.7513	39.1716	38.1811	
39.0957	40.0552	40.4972	40.6674	40.7618	40.8259	40.8672	40.8835	40.8709	40.8325	40.7669	40.6584	40.4557	39.8778	39.0047	
39.5261	40.7033	41.2046	41.3999	41.5147	41.5977	41.6536	41.6761	41.6589	41.608	41.5253	41.3971	41.1694	40.5228	39.441	
40.3192	41.3612	41.858	42.0712	42.2113	42.3216	42.4002	42.4318	42.4058	42.3338	42.2258	42.0733	41.8305	41.1884	40.2648	
40.6122	41.6852	42.1847	42.413	42.5759	42.7154	42.8278	42.8712	42.8314	42.726	42.5905	42.4179	42.1657	41.5218	40.5792	
41.1487	41.0936	41.1981	41.4049	41.5376	41.6646	41.8741	41.9314	41.8744	41.6642	41.5391	41.4107	41.2149	41.1102	41.2117	
41.1822	40.9465	40.9206	41.054	41.1516	41.2609	41.4605	41.5159	41.4606	41.26	41.154	41.066	40.9543	40.9975	41.2661	
41.2267	40.9004	40.8079	40.8721	40.9313	41.0129	41.1761	41.2223	41.1788	41.0178	40.9415	40.893	40.8508	40.9598	41.3103	
41.1797	40.8156	40.6815	40.6693	40.6867	40.7324	40.8312	40.8627	40.8418	40.7609	40.7252	40.7175	40.7437	40.8898	41.2716	
41.0648	40.7207	40.5758	40.5282	40.5215	40.5452	40.6114	40.635	40.6282	40.5896	40.5796	40.5958	40.6537	40.8068	41.1618	
40.9934	40.6326	40.4789	40.4076	40.3873	40.3977	40.4399	40.4583	40.4618	40.4562	40.4629	40.4932	40.5733	40.733	41.0996	
40.8815	40.5873	40.4625	40.4081	40.3938	40.4044	40.4417	40.4591	40.4658	40.4673	40.4752	40.5006	40.5656	40.6961	40.9953	
40.9977	40.8155	40.7456	40.7302	40.7374	40.76	40.8063	40.8255	40.8329	40.8296	40.8257	40.8302	40.8567	40.9311	41.1159	
Thick Metal:
45.79	46.2852	47.0025	47.9609	49.5598	49.5204	48.3375	47.8835	46.7953	46.1419	
46.1363	46.7321	47.5808	48.5665	50.286	50.2259	48.6954	48.2527	47.2037	46.4657	
46.3686	47.0462	48.1589	48.8064	50.2748	50.2008	48.8075	48.3468	47.3484	46.6386	
46.473	47.1414	48.2454	48.6399	49.4534	49.4125	48.6301	47.99	47.2626	46.6766	
46.4349	47.0208	47.8817	48.2899	49.0172	48.994	48.45	47.752	47.1142	46.5989	
46.2715	46.7602	47.3334	47.8191	48.5053	48.5375	48.4491	47.5296	46.9108	46.4269	
46.0665	46.4652	46.8932	47.2917	47.6805	47.8151	47.9245	47.1838	46.6553	46.231	
45.8236	46.166	46.5094	46.82	47.0776	47.179	47.1353	46.7547	46.3574	45.9919	
45.565	45.8667	46.158	46.4037	46.593	46.6602	46.5908	46.3513	46.0419	45.7277	
45.3281	45.5789	45.8309	46.0382	46.19	46.2386	46.1698	45.9873	45.7341	45.4787	
45.7894	46.2847	47.0019	47.9602	49.556	49.5171	48.3363	47.8812	46.7947	46.1413	
46.1362	46.732	47.5807	48.5662	50.283	50.2231	48.6956	48.2515	47.2034	46.4656	
46.3686	47.0461	48.1575	48.8062	50.272	50.1982	48.8076	48.3454	47.3482	46.6386	
46.473	47.1414	48.2439	48.6397	49.4529	49.4121	48.63	47.9898	47.2625	46.6765	
46.4348	47.0207	47.8808	48.2897	49.0161	48.9932	48.4498	47.7518	47.1141	46.5989	
46.2715	46.7601	47.3333	47.819	48.504	48.5368	48.4474	47.5295	46.9107	46.4268	
46.0665	46.4652	46.8931	47.2916	47.6804	47.815	47.9231	47.1836	46.6553	46.2309	
45.8236	46.1659	46.5093	46.8199	47.0775	47.1789	47.1353	46.7546	46.3573	45.9919	
45.565	45.8666	46.158	46.4036	46.593	46.6601	46.5907	46.3512	46.0418	45.7277	
45.3281	45.5788	45.8308	46.0381	46.1899	46.2385	46.1698	45.9873	45.7341	45.4786	
Thin Metal:
37.3578	37.5233	37.6501	37.725	37.765	37.7638	37.7209	37.6429	37.5119	37.3428	
37.8416	38.0558	38.1993	38.2842	38.3267	38.326	38.2815	38.1935	38.0447	37.8237	
38.4473	38.7073	38.8519	38.9379	38.9795	38.9797	38.938	38.8504	38.6987	38.4187	
39.0844	39.3237	39.4615	39.5463	39.5885	39.59	39.5505	39.4664	39.3228	39.0639	
39.7418	39.994	40.1354	40.2246	40.2707	40.2745	40.2353	40.1508	40.0063	39.7371	
40.6069	40.8204	40.9624	41.0621	41.118	41.1254	41.0837	40.9948	40.8542	40.6287	
41.4582	41.7174	41.8905	42.0197	42.0975	42.1106	42.0582	41.9487	41.7816	41.5106	
42.4853	42.8003	43.032	43.2253	43.3532	43.3757	43.2934	43.1358	42.9149	42.5862	
43.5856	43.9578	44.2856	44.6045	44.8473	44.8829	44.7229	44.4712	44.1517	43.7568	
44.7403	45.2477	45.7573	46.3463	46.9338	46.9775	46.5665	46.1402	45.5823	45.0094	
37.3578	37.5233	37.6501	37.725	37.765	37.7638	37.7209	37.6429	37.5119	37.3428	
37.8416	38.0558	38.1993	38.2842	38.3267	38.326	38.2815	38.1935	38.0447	37.8237	
38.4473	38.7073	38.8519	38.9379	38.9795	38.9796	38.9379	38.8503	38.6986	38.4186	
39.0844	39.3236	39.4614	39.5463	39.5884	39.5899	39.5504	39.4664	39.3227	39.0639	
39.7418	39.9939	40.1354	40.2246	40.2707	40.2745	40.2353	40.1507	40.0063	39.7371	
40.6069	40.8204	40.9624	41.0621	41.118	41.1254	41.0837	40.9948	40.8542	40.6287	
41.4581	41.7173	41.8904	42.0197	42.0975	42.1105	42.0582	41.9487	41.7816	41.5106	
42.4853	42.8002	43.0319	43.2253	43.3532	43.3757	43.2934	43.1358	42.9149	42.5862	
43.5856	43.9577	44.2855	44.6044	44.8472	44.8828	44.7228	44.4711	44.1517	43.7568	
44.7403	45.2477	45.7573	46.3463	46.9338	46.9775	46.5665	46.1402	45.5823	45.0094	
chassis-south:
34.7395	34.668	34.6691	34.6876	34.7057	34.7034	34.6772	34.653	34.6422	34.7094	
36.652	36.703	36.7856	36.8369	36.8713	36.8701	36.832	36.7775	36.69	36.6356	
chassis-north:
41.7492	41.7057	41.7509	41.8202	41.9041	41.9302	41.9093	41.8637	41.83	41.8757	
44.646	44.7746	44.9715	45.1362	45.2783	45.3187	45.257	45.1173	44.924	44.7932	
chassis-east:
34.8801	36.0488	
37.2102	
38.3683	
39.6352	
40.9428	
42.0467	
42.222	
42.0175	
41.7619	
36.7846	
37.678	
38.7256	
40.0696	
41.5334	
43.2422	
45.1288	
45.5285	
45.2262	
44.7065	
chassis-west:
34.8431	35.9639	
37.1279	
38.3094	
39.6124	
40.9858	
42.1875	
42.3442	
42.1326	
41.8852	
36.7668	
37.6509	
38.7106	
40.0933	
41.6206	
43.4385	
45.4132	
45.7185	
45.3781	
44.8558	
ab-displaymetal-north:
45.4908	45.9887	46.3558	46.203	45.6593	
45.3625	45.813	46.1285	45.9888	45.5262	
45.3117	45.7502	46.0491	45.9151	45.4719	
45.162	45.5539	45.8141	45.6921	45.313	
45.1459	45.5367	45.796	45.6743	45.2966	
44.706	44.9445	45.2173	45.104	44.861	
44.6536	44.8724	45.1262	45.0186	44.8068	
44.6254	44.8488	45.0847	44.9848	44.7757	
44.5737	44.7845	45.0043	44.9099	44.7203	
44.5719	44.7862	45.0061	44.9115	44.7185	
ab-displaymetal-south:
37.2048	37.4021	37.4718	37.3964	37.1914	
37.225	37.4244	37.4943	37.4187	37.2117	
37.2429	37.4454	37.5157	37.4398	37.2296	
37.5224	37.7568	37.831	37.752	37.5086	
37.6875	37.938	38.0147	37.9336	37.6734	
36.7846	36.8879	36.9442	36.882	36.771	
36.7951	36.8983	36.9545	36.8924	36.7816	
36.8361	36.9473	37.0041	36.9417	36.8226	
37.0753	37.2277	37.2873	37.2229	37.0619	
37.1451	37.3055	37.3662	37.3009	37.1315	
ab-pcbrc:
42.7942	43.4124	44.155	43.3989	42.8484	
42.828	43.2099	43.7717	43.1957	42.8781	
42.6931	42.7626	43.0116	42.8277	42.7761	
42.5027	42.44	42.5713	42.5484	42.6224	
42.2435	42.2315	42.3361	42.3346	42.3742	
46.1549	47.3941	48.9541	47.347	46.2402	
46.5271	47.6523	48.8254	47.5842	46.5562	
46.407	47.0188	47.5225	47.1214	46.495	
46.1178	46.452	46.7241	46.6352	46.2779	
45.2115	45.4753	45.6533	45.6202	45.3801	
ab-batchassis:
34.103	34.0065	34.0202	33.989	34.0666	
34.1607	34.1077	34.1276	34.0881	34.1168	
34.3638	34.4277	34.4644	34.4031	34.3016	
34.9105	35.1499	35.2015	35.1241	34.822	
35.689	36.1818	36.2526	36.1547	35.5621	
34.1268	34.032	34.046	34.0146	34.0906	
34.1656	34.1123	34.1322	34.0926	34.1216	
34.3715	34.4351	34.4716	34.4105	34.3093	
34.9169	35.1563	35.2079	35.1304	34.8283	
35.7273	36.234	36.3046	36.2072	35.5976	
ab-b1:
47.2693	48.6323	51.2336	48.7813	47.5036	
46.4414	47.8401	50.0858	48.3075	46.8036	
ab-b2:
47.6943	48.567	
46.7686	47.7084	
ab-b3:
47.8162	48.1623	48.5715	48.993	49.4076	
47.6352	47.926	48.1845	48.4749	48.7655	
47.4349	47.6885	47.8724	48.0762	48.275	
47.243	47.4873	47.6332	47.7903	47.9395	
46.4299	46.7399	46.8937	47.0476	47.1824	
46.8505	47.2683	47.7814	48.2448	48.6402	
46.6538	46.9974	47.3416	47.69	48.0292	
46.4181	46.7044	46.9623	47.221	47.4658	
46.1592	46.4168	46.6267	46.8292	47.0118	
45.7029	45.948	46.1339	46.3091	46.4593	
ab-b4:
49.6105	50.0201	50.8854	52.3547	
49.7859	49.9512	50.3699	50.8039	
48.6951	49.0147	49.3271	50.3398	
48.9417	49.0866	49.2357	49.6519	
ab-b5:
52.7047	51.2278	
51.0072	
50.057	
ab-b6:
53.9733	51.8924	50.8866	50.7075	50.4571	
50.174	50.043	49.8562	49.8192	49.7472	
51.4967	50.486	49.5297	49.3728	49.2943	
49.417	49.2848	48.9976	48.9556	48.9246	
ab-b7:
49.6696	48.9364	48.3784	47.9759	
49.5009	48.851	48.3749	47.9933	
49.3451	48.7622	48.3345	47.9752	
49.2434	48.6951	48.2976	47.9538	
49.2694	48.5905	48.2151	47.882	
48.8665	48.25	47.5959	47.0914	
48.7371	48.139	47.5772	47.1048	
48.5818	48.0009	47.4936	47.0601	
48.5178	47.9441	47.4583	47.0394	
48.5077	47.7811	47.3127	46.9122	
ab-b8:
48.7664	49.0069	48.8567	48.1648	47.7912	
48.6391	48.7704	48.5658	48.1056	47.7527	
48.4012	48.4851	48.3156	47.9785	47.6594	
48.2926	48.3579	48.2058	47.9189	47.6171	
48.1769	48.2303	48.0953	47.8477	47.5613	
48.0492	48.0913	47.9741	47.7637	47.4939	
47.9992	48.0378	47.9272	47.7303	47.467	
47.8447	47.8803	47.7759	47.5914	47.3284	
46.3941	46.3962	46.261	46.0147	45.7124	
45.9284	45.9239	45.7923	45.5547	45.2894	
48.0623	48.271	48.0276	47.2642	46.7875	
48.0026	48.1424	47.8528	47.2349	46.7679	
47.5501	47.6191	47.4038	46.9857	46.5857	
47.4955	47.5561	47.3494	46.9551	46.5625	
47.3447	47.3936	47.2066	46.8539	46.4815	
47.0973	47.127	46.9716	46.6833	46.3462	
47.065	47.0929	46.9411	46.6603	46.3275	
46.8269	46.8483	46.7116	46.4617	46.1578	
46.2788	46.2852	46.1461	45.8917	45.5933	
46.0629	46.0665	45.9299	45.6814	45.403	
thermal paste0:
50.1096	50.1184	50.1113	50.0766	50.0615	
50.6844	50.6942	50.6833	50.6364	50.6192	
50.6962	50.7062	50.6954	50.6482	50.6304	
50.6883	50.698	50.6848	50.6315	50.6144	
50.6757	50.6848	50.6699	50.6134	50.5979	
49.8378	49.8408	49.8311	49.798	49.7929	
50.4215	50.4249	50.4112	50.3656	50.3597	
50.4258	50.4292	50.4155	50.3698	50.3638	
50.4185	50.4218	50.4058	50.3537	50.3479	
50.4115	50.4145	50.3972	50.3415	50.3362	
thermal paste1:
49.6425	49.65	49.6334	49.6128	
49.2436	49.2495	49.2403	49.2282	
49.215	49.2203	49.2116	49.2005	
48.8102	48.8151	48.8269	48.838	
49.4997	49.5022	49.4838	49.4633	
49.0941	49.096	49.0855	49.0735	
49.0837	49.0854	49.0751	49.0635	
48.6681	48.6697	48.6809	48.6924	
thermal paste2:
48.6667	48.3626	48.2025	48.1636	
48.8822	48.5812	48.4223	48.3833	
48.946	48.64	48.4786	48.4402	
48.9965	48.6873	48.5242	48.4869	
48.5439	48.2423	48.0897	48.0601	
48.7582	48.4606	48.31	48.2807	
48.8182	48.5148	48.3613	48.3326	
48.8711	48.5628	48.4068	48.3789	
thermal paste3:
48.6947	48.7061	48.7246	48.7404	
48.7478	48.7585	48.7745	48.7879	
48.7672	48.7768	48.7905	48.8017	
48.6273	48.6356	48.6476	48.6576	
48.339	48.3428	48.349	48.3544	
48.3943	48.3979	48.4032	48.4078	
48.4202	48.4234	48.428	48.4319	
48.2725	48.2753	48.2793	48.2828	
thermal paste4:
49.414	49.4129	49.4112	49.4108	
49.404	49.4041	49.4039	49.4039	
49.2319	49.2323	49.2326	49.2327	
48.9279	48.9282	48.9284	48.9285	
48.7751	48.7747	48.7741	48.774	
48.7708	48.7709	48.7708	48.7708	
48.5925	48.5926	48.5927	48.5928	
48.2651	48.2652	48.2653	48.2653	
